Ouput from aqs analyzer

AqsAnalyzerMain...
Number of measurements: 482064
Locations(71):
38.084688           -102.618641                         1107 Meters
39.196              -106.836                            2415 Meters
39.740342           -104.991037                         1597 Meters
39.453654           -108.053259                         1557 Meters
39.064289           -108.56155                          1398 Meters
39.534488           -105.070358                         1676 Meters
39.800333           -105.099973                         1640 Meters
39.231384           -104.63477                          2139 Meters
38.958341           -104.817215                         1971 Meters
37.277798           -107.880928                         1988 Meters
40.164576           -105.100856                         1520 Meters
39.567887           -104.957193                         1747 Meters
37.13678            -107.62863                          1983 Meters
40.571288           -105.079693                         1524 Meters
39.572756           -104.848992                         1774 Meters
39.1067             -108.7411                           1740 Meters
37.26842            -107.009659                         2165 Meters
40.038889           -107.8475                           1994 Meters
38.830895           -104.839243                         1824 Meters
39.19104            -106.818864                         2408 Meters
38.9564             -106.9858                           2926 Meters
39.826007           -104.937438                         1565 Meters
40.592543           -105.141122                         1571 Meters
37.198333           -108.490278                         2165 Meters
39.838119           -104.94984                          1554 Meters
39.54182            -107.784125                         1640 Meters
39.748163           -105.002564                         1585 Meters
38.853097           -104.901289                         1955 Meters
39.704005           -104.998113                         1594 Meters
39.063798           -108.561173                         1398 Meters
40.882222           -106.306111                         2417 Meters
40.277222           -105.545                            2743 Meters
40.086944           -108.761389                         1655 Meters
40.485201           -106.831625                         2054 Meters
37.469391           -105.878691                         2302 Meters
39.541515           -105.29841                          2473 Meters
39.743724           -105.177989                         1832 Meters
39.751184           -104.987625                         1593 Meters
39.781083           -104.95665                          1583 Meters
39.638781           -105.13948                          1742 Meters
40.166586           -105.102402                         1519 Meters
39.062514           -108.457382                         1413 Meters
39.130575           -108.313835                         1521 Meters
40.57747            -105.07892                          1524 Meters
39.604399           -105.019526                         1636 Meters
39.531813           -107.782298                         1629 Meters
39.638522           -104.569335                         1799 Meters
38.276099           -104.597613                         1433 Meters
38.848014           -104.828564                         1832 Meters
38.090949           -102.613912                         1107 Meters
39.751761           -105.030681                         1621 Meters
37.350054           -108.592334                         1890 Meters
39.912799           -105.188587                         1802 Meters
40.021097           -105.263382                         1619 Meters
40.386368           -104.73744                          1484 Meters
40.414877           -104.70693                          1441 Meters
40.2778             -105.5453                           2743 Meters
39.491461           -106.047325                         2904 Meters
40.209387           -104.82405                          1469 Meters
40.506946           -107.891109                         1902 Meters
38.739213           -108.073118                         1511 Meters
38.43829            -105.24504                          1626 Meters
37.30389            -107.484167                         2367 Meters
38.867595           -106.981436                         2714 Meters
37.10258            -107.870219                         1920 Meters
37.469584           -105.863175                         2301 Meters
40.423432           -104.69479                          1421 Meters
37.937872           -107.813061                         2684 Meters
39.957212           -105.238458                         1669 Meters
40.642103           -105.275029                         2058 Meters
38.900392           -106.966104                         2866 Meters

